0.6995501518249512
0.12067747116088867
0.16156935691833496
0.14361357688903809
0.0967414379119873
0.13463997840881348
0.1406235694885254
0.1356372833251953
0.10172796249389648
0.37998461723327637
0.21642136573791504
0.09973287582397461
0.10771059989929199
0.10372519493103027
0.12965130805969238
0.28922557830810547
0.1266622543334961
0.10471844673156738
0.11269855499267578
0.13164854049682617
0.5993974208831787
0.14860200881958008
0.20544934272766113
0.13364219665527344
0.12566542625427246
0.17453265190124512
0.17054295539855957
0.18650078773498535
0.27227210998535156
0.16256952285766602
0.11768078804016113
0.11170053482055664
0.31615614891052246
0.17253661155700684
0.1765305995941162
0.14461183547973633
0.10172677040100098
0.1545858383178711
0.10372328758239746
0.10870862007141113
0.10073065757751465
0.1266613006591797
0.09574413299560547
0.10272979736328125
0.17253613471984863
0.09474587440490723
0.11469292640686035
0.11170172691345215
0.3779869079589844
0.13264822959899902
0.13762855529785156
0.13364362716674805
0.13962626457214355
0.1077108383178711
0.09973597526550293
0.11070132255554199
0.1735384464263916
0.11469101905822754
0.11868715286254883
0.13264203071594238
0.12466669082641602
0.1525893211364746
0.25734424591064453
0.11665487289428711
0.10571789741516113
0.3530545234680176
0.10871005058288574
0.15259146690368652
0.20146393775939941
0.2762906551361084
0.13660287857055664
0.18051719665527344
0.0967402458190918
